H_number:
[[ 9.5175523e-03  4.7149137e-03  2.4554953e-03 ... -5.1668100e-04
   2.6562496e-03 -1.3041839e-03]
 [ 4.7149137e-03  6.2166294e-03  5.5102296e-03 ...  4.6268557e-04
   2.4343730e-04 -3.9505419e-05]
 [ 2.4554953e-03  5.5102296e-03  9.9343425e-03 ... -1.2487738e-04
   5.7523907e-04  1.0127188e-03]
 ...
 [-5.1668094e-04  4.6268551e-04 -1.2487742e-04 ...  5.5262186e-03
  -3.8135541e-04 -3.2683532e-03]
 [ 2.6562496e-03  2.4343729e-04  5.7523913e-04 ... -3.8135535e-04
   7.8617530e-03 -1.3400601e-03]
 [-1.3041840e-03 -3.9505441e-05  1.0127188e-03 ... -3.2683532e-03
  -1.3400601e-03  9.7681889e-03]]

H_pattern:
[[ 0.02869235  0.01752786 -0.00190452 ... -0.00314136 -0.00174059
   0.00016835]
 [ 0.01752786  0.02882502  0.00866594 ... -0.00614192  0.00031122
   0.00434438]
 [-0.00190452  0.00866594  0.01803219 ... -0.00055036 -0.00125738
   0.00398663]
 ...
 [-0.00314136 -0.00614192 -0.00055036 ...  0.01053969 -0.00121225
  -0.00025051]
 [-0.00174059  0.00031122 -0.00125738 ... -0.00121225  0.00582034
  -0.0007845 ]
 [ 0.00016835  0.00434438  0.00398663 ... -0.00025051 -0.0007845
   0.0131432 ]]

H_05:
[[ 6.22957759e-03  2.93811969e-03  7.50925043e-04 ... -1.07683474e-04
   1.37440235e-04 -8.20851346e-05]
 [ 2.93811969e-03  3.54595901e-03  2.15626159e-03 ... -9.96394447e-05
   2.30768448e-04  8.86786496e-04]
 [ 7.50925101e-04  2.15626159e-03  7.15688476e-03 ... -5.97308099e-04
   5.40365698e-04  2.26340559e-03]
 ...
 [-1.07683474e-04 -9.96394519e-05 -5.97308099e-04 ...  5.64452261e-03
  -5.22625458e-04 -9.20438732e-04]
 [ 1.37440220e-04  2.30768521e-04  5.40365698e-04 ... -5.22625458e-04
   4.56108106e-03 -6.27361180e-04]
 [-8.20852074e-05  8.86786496e-04  2.26340559e-03 ... -9.20438673e-04
  -6.27361180e-04  9.49389022e-03]]
